k1 = 104;
k2 = k1*1.5;
c1 = 50;
c2 = 50;
m1 = 50;
m2 = m1;

A = [0 1 0 0;
    -(k2+k1)/m1 -(c2+c1)/m1 k2/m1 c2/m1;
    0 0 0 1; 
    k2/m2 c2/m2 -k2/m2 -c2/m2]
B = [0 0 0 1/m2]'
C1 = [1 0 0 0]
C2 = [0 0 1 0]
D = [0]
