
m = 4
g = 9.81
L = 0.25
I1 = 0.0851
I2 = 0.37